4.000000 6.000000 50 58
6.000000 8.000000 45 57
8.000000 10.000000 47 56
10.000000 12.000000 42 58
12.000000 14.000000 43 57
14.000000 16.000000 38 57
16.000000 18.000000 43 59
18.000000 20.000000 45 56
20.000000 22.000000 78 68
22.000000 24.000000 76 64
24.000000 26.000000 74 65
26.000000 28.000000 73 66
28.018182 30.000000 71 64
30.000000 32.000000 69 64
32.000000 34.000000 71 62
34.000000 36.000000 73 67
36.000000 38.000000 78 69
38.000000 40.000000 76 66
40.000000 42.000000 74 72
42.000000 44.000000 73 73
44.000000 46.000000 71 66
46.000000 48.000000 69 67
48.000000 50.000000 71 67
50.000000 52.000000 73 73
52.000000 53.000000 74 65
53.000000 54.000000 78 63
54.000000 55.000000 81 66
55.000000 56.000000 79 61
56.000000 57.000000 78 67
57.000000 58.000000 74 66
58.000000 59.000000 78 60
59.000000 60.000000 76 63
60.000000 61.000000 74 61
61.000000 62.000000 71 65
62.000000 63.000000 74 63
63.000000 64.000000 81 63
64.000000 65.000000 79 63
65.000000 66.000000 83 66
66.000000 67.000000 81 61
67.000000 68.000000 79 68
68.000000 69.000000 78 61
69.000000 70.000000 74 64
70.000000 71.000000 76 61
71.000000 72.000000 73 64
72.000000 73.000000 74 64
73.000000 74.000000 78 64
74.000000 75.000000 81 62
75.000000 76.000000 69 63
76.000000 77.000000 71 59
77.000000 78.000000 67 65
78.000000 79.000000 69 61
79.000000 80.000000 66 59
80.000000 81.000000 62 61
81.000000 82.000000 74 64
82.000000 83.000000 74 63
83.000000 84.000000 73 64
84.000000 84.500000 74 65
84.500000 85.000000 73 60
85.000000 85.500000 74 58
85.500000 86.000000 62 63
86.000000 86.500000 61 62
86.500000 87.000000 69 59
87.000000 87.500000 64 59
87.500000 88.000000 66 64
88.000000 88.500000 62 62
88.500000 89.000000 74 65
89.000000 89.500000 73 59
89.500000 90.000000 71 69
90.000000 90.500000 73 65
90.500000 91.000000 78 62
91.000000 91.500000 81 61
91.500000 92.000000 83 63
92.000000 92.500000 79 65
92.500000 93.000000 78 60
93.000000 93.500000 76 62
93.500000 94.000000 79 63
94.000000 94.500000 78 63
94.500000 95.000000 76 60
95.000000 95.500000 74 62
95.500000 96.000000 73 64
96.000000 96.500000 71 64
96.500000 97.000000 69 62
97.000000 97.500000 67 59
97.500000 98.000000 66 61
98.000000 98.500000 64 60
98.500000 99.000000 67 57
99.000000 99.500000 66 59
99.500000 100.000000 64 60
100.000000 100.500000 66 65
100.500000 100.750000 78 67
100.750000 101.000000 79 61
101.000000 101.500000 81 63
101.500000 101.750000 78 62
101.750000 102.000000 79 62
102.000000 102.250000 81 66
102.250000 102.500000 69 64
102.500000 102.750000 71 62
102.750000 103.000000 73 66
103.000000 103.250000 74 63
103.250000 103.500000 76 62
103.500000 103.750000 78 65
103.750000 104.000000 79 64
104.000000 104.500000 78 67
104.500000 104.750000 74 61
104.750000 105.000000 76 63
105.000000 105.500000 78 65
105.500000 105.750000 66 59
105.750000 106.000000 67 59
106.000000 106.250000 69 64
106.250000 106.500000 71 65
106.500000 106.750000 69 62
106.750000 107.000000 67 61
107.000000 107.250000 69 64
107.250000 107.500000 66 63
107.500000 107.750000 67 61
107.750000 108.000000 69 62
108.000000 108.500000 67 59
108.500000 108.750000 71 63
108.750000 109.000000 69 62
109.000000 109.500000 67 61
109.500000 109.750000 66 60
109.750000 110.000000 64 61
110.000000 110.250000 66 65
110.250000 110.500000 64 61
110.500000 110.750000 62 61
110.750000 111.000000 64 59
111.000000 111.250000 66 64
111.250000 111.500000 67 62
111.500000 111.750000 69 62
111.750000 112.000000 71 63
112.000000 112.500000 67 62
112.500000 112.750000 71 64
112.750000 113.000000 69 62
113.000000 113.500000 71 61
113.500000 113.750000 73 63
113.750000 114.000000 74 62
114.000000 114.250000 69 64
114.250000 114.500000 71 63
114.500000 114.750000 73 66
114.750000 115.000000 74 61
115.000000 115.250000 76 60
115.250000 115.500000 78 65
115.500000 115.750000 79 62
115.750000 116.000000 81 62
116.000000 116.500000 78 69
116.500000 116.750000 74 62
116.750000 117.000000 76 63
117.000000 117.500000 78 65
117.500000 117.750000 76 61
117.750000 118.000000 74 63
118.000000 118.250000 76 63
118.250000 118.500000 73 70
118.500000 118.750000 74 63
118.750000 119.000000 76 62
119.000000 119.250000 78 65
119.250000 119.500000 76 63
119.500000 119.750000 74 64
119.750000 120.000000 73 62
120.000000 120.500000 74 65
120.500000 120.750000 71 69
120.750000 121.000000 73 62
121.000000 121.500000 74 67
121.500000 121.750000 62 61
121.750000 122.000000 64 59
122.000000 122.250000 66 59
122.250000 122.500000 67 63
122.500000 122.750000 66 64
122.750000 123.000000 64 61
123.000000 123.250000 66 61
123.250000 123.500000 74 62
123.500000 123.750000 73 64
123.750000 124.000000 74 66
124.000000 124.500000 71 62
124.500000 124.750000 74 66
124.750000 125.000000 73 66
125.000000 125.500000 71 66
125.500000 125.750000 69 62
125.750000 126.000000 67 60
126.000000 126.250000 69 59
126.250000 126.500000 67 64
126.500000 126.750000 66 61
126.750000 127.000000 67 63
127.000000 127.250000 69 61
127.250000 127.500000 71 64
127.500000 127.750000 73 63
127.750000 128.000000 74 66
128.000000 128.500000 71 64
128.500000 128.750000 74 65
128.750000 129.000000 73 64
129.000000 129.500000 74 67
129.500000 129.750000 73 61
129.750000 130.000000 71 63
130.000000 130.250000 73 61
130.250000 130.500000 74 69
130.500000 130.750000 76 65
130.750000 131.000000 74 62
131.000000 131.250000 73 62
131.250000 131.500000 74 65
131.500000 131.750000 71 60
131.750000 132.000000 73 62
132.000000 133.000000 74 65
133.000000 133.500000 74 64
133.500000 134.000000 78 60
134.000000 134.500000 78 63
134.500000 135.000000 79 67
135.000000 135.500000 78 62
135.500000 136.000000 76 64
136.000000 137.500000 74 60
137.500000 138.000000 74 67
138.000000 138.500000 74 59
138.500000 139.000000 76 63
139.000000 139.500000 74 63
139.500000 140.000000 73 61
140.000000 142.000000 71 62
142.000000 144.000000 74 62
144.000000 144.500000 74 64
144.500000 145.000000 72 49
145.000000 145.500000 71 64
145.500000 146.000000 72 62
146.000000 148.000000 69 61
148.000000 149.000000 74 61
149.000000 149.500000 74 65
149.500000 150.000000 81 65
150.000000 150.500000 81 61
150.500000 151.000000 83 60
151.000000 151.500000 81 65
151.500000 152.000000 79 64
152.000000 153.500000 78 62
153.500000 154.000000 78 62
154.000000 154.500000 78 66
154.500000 155.000000 79 62
155.000000 155.500000 78 65
155.500000 156.000000 76 63
156.000000 156.500000 74 63
156.500000 157.000000 72 61
157.000000 157.500000 71 64
157.500000 158.000000 72 63
158.000000 160.000000 69 61
160.000000 162.000000 71 61
162.000000 164.000000 73 65
164.000000 165.000000 62 67
165.000000 167.000000 74 72
167.000000 168.000000 73 60
168.000000 169.000000 74 61
169.000000 171.000000 71 65
171.000000 172.000000 69 62
172.000000 173.000000 69 63
173.000000 175.000000 67 62
175.000000 176.000000 66 58
176.000000 177.000000 66 60
177.000000 177.500000 64 60
177.500000 178.000000 62 60
178.000000 179.500000 61 58
179.500000 180.000000 62 64
180.000000 181.000000 62 58
181.000000 182.000000 74 64
182.000000 183.000000 73 60
183.000000 184.000000 61 69
184.000000 185.000000 62 59
185.000000 186.000000 71 62
186.000000 187.000000 69 62
187.000000 188.000000 66 63
188.000000 189.000000 62 60
189.000000 190.000000 67 59
190.000000 191.000000 66 58
191.000000 192.000000 62 60
192.000000 193.000000 64 61
193.000000 194.000000 67 62
194.000000 195.000000 64 59
195.000000 196.000000 69 63
196.000000 200.000000 74 62